C4x4: 0.253994
C8x8: 0.293723
C16x16: 0.542486
C32x32: 1.672500
C64x64: 5.108732
C128x128: 26.373555
C256x256: 118.685632
C512x512: 1454.874964
C1024x1024: 11356.533047
C2048x2048: 84331.422072
